3 0.515 0.8583333333333333 0.20666666666666667 0.056666666666666664
3 0.6958333333333333 0.8666666666666667 0.15833333333333333 0.07333333333333333
6 0.5825 0.7225 0.12166666666666667 0.041666666666666664
1 0.8691666666666666 0.8775 0.215 0.04833333333333333
1 0.8275 0.7816666666666666 0.30833333333333335 0.023333333333333334
1 0.7641666666666667 0.7216666666666667 0.215 0.02666666666666667
2 0.4325 0.7075 0.16833333333333333 0.04833333333333333
1 0.20166666666666666 0.855 0.4 0.056666666666666664
0 0.38166666666666665 0.5533333333333333 0.03 0.023333333333333334
1 0.19083333333333333 0.6 0.08166666666666667 0.03333333333333333
1 0.065 0.6533333333333333 0.12333333333333334 0.05333333333333334
2 0.6241666666666666 0.6775 0.03833333333333333 0.041666666666666664